Culture	Time	TotalArea	Number
R03C04	1321349398.000000	6707.000000	238
R03C04	1321350526.000000	10331.500000	253
R03C04	1321351640.000000	9484.000000	244
R03C04	1321352762.000000	10931.500000	238
R03C04	1321353882.000000	10719.500000	241
R03C04	1321355008.000000	10251.500000	244
R03C04	1321356134.000000	10524.500000	231
R03C04	1321357258.000000	11239.500000	241
R03C04	1321358390.000000	11871.500000	232
R03C04	1321359518.000000	13162.500000	234
R03C04	1321360642.000000	13334.500000	245
R03C04	1321361772.000000	13892.500000	253
R03C04	1321362898.000000	14819.000000	253
R03C04	1321364028.000000	16390.500000	241
R03C04	1321365160.000000	15403.500000	235
R03C04	1321366298.000000	17976.500000	233
R03C04	1321367430.000000	18808.000000	232
R03C04	1321368556.000000	19448.000000	243
R03C04	1321369680.000000	21536.000000	220
R03C04	1321370814.000000	22439.000000	228
R03C04	1321371944.000000	24417.000000	230
R03C04	1321373084.000000	26471.500000	222
R03C04	1321374228.000000	27639.500000	229
R03C04	1321375364.000000	29766.000000	219
R03C04	1321376500.000000	32544.000000	228
R03C04	1321377638.000000	35355.500000	220
R03C04	1321378772.000000	39423.000000	217
R03C04	1321379898.000000	43804.500000	229
R03C04	1321381040.000000	43686.500000	226
R03C04	1321382182.000000	48260.500000	210
R03C04	1321383316.000000	51432.000000	209
R03C04	1321384456.000000	55020.000000	229
R03C04	1321385586.000000	59793.500000	211
R03C04	1321386716.000000	67180.000000	208
R03C04	1321387850.000000	68812.000000	196
R03C04	1321388990.000000	78725.500000	200
R03C04	1321390128.000000	86797.000000	200
R03C04	1321391262.000000	92803.000000	203
R03C04	1321392400.000000	97997.000000	204
R03C04	1321393540.000000	109178.000000	209
R03C04	1321394680.000000	118107.000000	194
R03C04	1321395824.000000	127931.000000	200
R03C04	1321396982.000000	141798.000000	199
R03C04	1321398128.000000	149515.500000	196
R03C04	1321399272.000000	166699.000000	182
R03C04	1321400406.000000	179245.000000	194
R03C04	1321401544.000000	194748.500000	182
R03C04	1321402680.000000	214807.000000	184
R03C04	1321403826.000000	231612.500000	189
R03C04	1321404980.000000	251726.000000	162
R03C04	1321406124.000000	270434.500000	168
R03C04	1321407274.000000	298578.500000	165
R03C04	1321408412.000000	316566.500000	162
R03C04	1321409558.000000	345431.500000	156
R03C04	1321410684.000000	368464.000000	153
R03C04	1321411852.000000	400903.000000	141
R03C04	1321413002.000000	434170.500000	132
R03C04	1321414144.000000	466186.500000	116
R03C04	1321415288.000000	497198.500000	129
R03C04	1321416432.000000	447721.000000	88
R03C04	1321417608.000000	571982.000000	108
R03C04	1321418750.000000	610973.500000	98
R03C04	1321419914.000000	652392.000000	92
R03C04	1321421060.000000	685460.000000	82
R03C04	1321422206.000000	714651.000000	85
R03C04	1321423350.000000	382580.500000	62
R03C04	1321424492.000000	785849.500000	66
R03C04	1321425636.000000	817075.500000	68
R03C04	1321426808.000000	869083.500000	56
R03C04	1321427952.000000	899792.000000	50
R03C04	1321429088.000000	939045.000000	47
R03C04	1321430232.000000	170913.000000	52
R03C04	1321431378.000000	1006267.500000	38
R03C04	1321432528.000000	1082975.500000	26
R03C04	1321433688.000000	1102552.000000	13
R03C04	1321434852.000000	1117224.000000	19
R03C04	1321435996.000000	1132918.500000	18
R03C04	1321437138.000000	1146480.500000	15
R03C04	1321438288.000000	1158757.000000	18
R03C04	1321439438.000000	1173329.000000	12
R03C04	1321440590.000000	1201078.000000	12
R03C04	1321441764.000000	1210891.000000	12
R03C04	1321442910.000000	140517.000000	31
R03C04	1321444058.000000	1225384.500000	11
R03C04	1321445206.000000	30080.500000	58
R03C04	1321446358.000000	52181.000000	50
R03C04	1321447512.000000	68280.000000	27
R03C04	1321448692.000000	1279189.500000	6
R03C04	1321449842.000000	1282845.000000	6
R03C04	1321450990.000000	1286157.500000	6
R03C04	1321452138.000000	1297246.000000	6
R03C04	1321453294.000000	1300483.500000	6
R03C04	1321454434.000000	1393290.500000	1
R03C04	1321455642.000000	1393275.000000	1
R03C04	1321456812.000000	1393228.000000	1
R03C04	1321457984.000000	1393271.000000	1
R03C04	1321459156.000000	1393230.500000	1
R03C04	1321460326.000000	1393240.500000	1
R03C04	1321461498.000000	1393239.500000	1
R03C05	1321349414.000000	11455.500000	158
R03C05	1321350544.000000	11805.500000	144
R03C05	1321351658.000000	11734.000000	148
R03C05	1321352780.000000	11204.000000	141
R03C05	1321353900.000000	12187.000000	144
R03C05	1321355026.000000	12511.500000	145
R03C05	1321356152.000000	12683.500000	146
R03C05	1321357276.000000	13225.500000	144
R03C05	1321358408.000000	12747.500000	151
R03C05	1321359536.000000	14134.000000	143
R03C05	1321360660.000000	13260.500000	147
R03C05	1321361790.000000	14535.000000	147
R03C05	1321362916.000000	14677.500000	145
R03C05	1321364044.000000	15544.000000	142
R03C05	1321365180.000000	17057.500000	139
R03C05	1321366316.000000	16450.000000	148
R03C05	1321367448.000000	19726.000000	143
R03C05	1321368574.000000	18014.000000	154
R03C05	1321369698.000000	19488.000000	147
R03C05	1321370832.000000	20616.500000	147
R03C05	1321371962.000000	21742.000000	149
R03C05	1321373102.000000	23137.000000	142
R03C05	1321374244.000000	25173.000000	146
R03C05	1321375380.000000	27051.500000	147
R03C05	1321376518.000000	28359.000000	148
R03C05	1321377656.000000	30415.500000	142
R03C05	1321378790.000000	30350.500000	149
R03C05	1321379916.000000	32534.000000	150
R03C05	1321381058.000000	34936.000000	142
R03C05	1321382200.000000	37307.000000	146
R03C05	1321383334.000000	40913.500000	137
R03C05	1321384474.000000	41174.500000	153
R03C05	1321385604.000000	44512.500000	137
R03C05	1321386734.000000	48249.000000	148
R03C05	1321387868.000000	51268.000000	146
R03C05	1321389008.000000	55412.500000	145
R03C05	1321390146.000000	59960.500000	138
R03C05	1321391280.000000	64138.000000	143
R03C05	1321392418.000000	69320.000000	132
R03C05	1321393558.000000	73787.000000	131
R03C05	1321394698.000000	80417.000000	137
R03C05	1321395842.000000	86602.000000	139
R03C05	1321396998.000000	94863.500000	130
R03C05	1321398146.000000	99065.000000	126
R03C05	1321399290.000000	108187.500000	126
R03C05	1321400424.000000	116151.000000	128
R03C05	1321401562.000000	127042.000000	119
R03C05	1321402698.000000	131817.500000	123
R03C05	1321403844.000000	144086.000000	125
R03C05	1321404998.000000	157214.000000	126
R03C05	1321406142.000000	168462.000000	131
R03C05	1321407292.000000	180284.000000	123
R03C05	1321408430.000000	196599.500000	121
R03C05	1321409574.000000	210425.500000	114
R03C05	1321410702.000000	226029.000000	106
R03C05	1321411870.000000	241336.000000	107
R03C05	1321413020.000000	258832.000000	111
R03C05	1321414160.000000	280762.000000	105
R03C05	1321415308.000000	297595.500000	110
R03C05	1321416450.000000	317336.000000	100
R03C05	1321417624.000000	336859.500000	97
R03C05	1321418768.000000	358390.500000	87
R03C05	1321419932.000000	380958.500000	85
R03C05	1321421078.000000	407120.000000	83
R03C05	1321422224.000000	427533.500000	83
R03C05	1321423368.000000	452927.000000	81
R03C05	1321424510.000000	481690.500000	78
R03C05	1321425652.000000	504779.500000	69
R03C05	1321426826.000000	531496.000000	68
R03C05	1321427970.000000	555500.000000	70
R03C05	1321429106.000000	584764.000000	59
R03C05	1321430252.000000	613128.500000	54
R03C05	1321431394.000000	639198.000000	56
R03C05	1321432546.000000	661946.500000	53
R03C05	1321433706.000000	691757.500000	50
R03C05	1321434870.000000	718182.000000	44
R03C05	1321436014.000000	744949.000000	41
R03C05	1321437156.000000	768720.000000	38
R03C05	1321438306.000000	793558.500000	37
R03C05	1321439456.000000	816283.500000	33
R03C05	1321440610.000000	839540.000000	38
R03C05	1321441780.000000	862344.500000	33
R03C05	1321442928.000000	883378.500000	35
R03C05	1321444076.000000	908949.500000	31
R03C05	1321445224.000000	927086.500000	33
R03C05	1321446376.000000	981821.000000	29
R03C05	1321447530.000000	996481.500000	31
R03C05	1321448710.000000	1008322.000000	26
R03C05	1321449860.000000	1024485.000000	26
R03C05	1321451008.000000	1037364.000000	23
R03C05	1321452156.000000	1051221.500000	21
R03C05	1321453310.000000	1062003.000000	23
R03C05	1321454452.000000	1392709.500000	1
R03C05	1321455660.000000	1392765.000000	1
R03C05	1321456830.000000	1392775.500000	1
R03C05	1321458002.000000	1392913.000000	1
R03C05	1321459174.000000	1392943.500000	1
R03C05	1321460344.000000	1392810.000000	1
R03C05	1321461516.000000	1392803.000000	1
